49615
14906
15957
9833
62888
54612
10907
56286
64589
45237
47104
39453
64915
59687
2788
40378
25308
50948
33070
37741
63562
42310
63157
23661
26764
57375
31619
22222
26121
5418
52247
39419
62972
52313
24067
57064
38450
59420
6000
31505
59784
41333
15849
52046
23310
502
62256
10765
45472
44546
52555
31255
59032
54741
1189
62828
5964
32624
5894
15871
3060
18279
3095
13700
21530
44706
9917
22823
14924
3984
22928
57268
64491
10963
23301
41638
34649
43398
31504
36707
6233
1819
5868
33660
2248
40374
41981
46958
4275
25333
10113
17821
36153
38902
41224
41201
40645
57979
31000
34334
32403
5870
42738
54919
7659
20303
42833
63930
22750
43692
60881
40290
63268
26466
35385
39241
43509
43220
54731
10203
51748
37638
8711
47561
65441
62693
17760
16234
14488
14333
10807
35360
33544
64371
3271
15890
58914
41858
11302
61111
16764
18277
23789
20920
21685
4466
8279
47496
19470
10373
52240
11763
49756
11015
36106
52057
59509
47864
62745
33613
4770
29666
38877
49440
1837
16243
31275
52486
6918
32844
44932
28382
5084
7220
5625
18622
24404
31714
18918
36709
65133
3869
29418
13744
26552
31775
45610
48860
3161
4481
45598
52053
24544
22140
2416
3058
39707
11878
59336
45470
39843
13831
27739
10763
32210
5225
21901
10009
62167
63672
42646
38123
2419
31870
54974
27560
41826
28904
64762
50331
13349
38695
50607
30904
36285
930
24072
59018
26018
37370
40070
35332
11605
49335
47062
28469
47026
61307
46895
31833
41879
64986
18858
15820
28448
56232
59230
37360
35222
45600
34510
63900
26303
57282
65233
48715
389
19364
34677
51014
65370
22569
3888
13743
44675
32064
5028
29170
59563
55126
57916
40608
52851
36480
2946
43805
49328
12624
6201
60923
44757
3162
20356
4516
6135
17192
28085
43172
6882
21824
21069
18214
58054
43591
58656
65482
11863
24469
11587
30966
49188
34734
62420
65345
11712
17832
26666
26654
51504
7025
23937
53122
41507
38582
41804
10806
52319
32001
7204
57148
64343
10383
64242
37653
61800
62743
36332
41616
27004
10730
19016
30101
50191
34385
9666
30818
29515
33156
27360
45045
36127
471
1623
12382
3132
6794
11636
18075
45606
40340
17125
40591
37559
39673
4001
42539
36318
25049
64522
41906
11218
9448
41388
33865
54350
60538
12902
5024
26447
12271
9886
48248
7936
63421
62452
60784
62421
15389
14385
62684
44783
52131
31789
27458
28835
7209
8052
52456
51962
16480
64127
35259
5934
55518
8725
54832
25344
16672
62882
51630
3183
48096
15269
40423
51451
52820
44498
6274
42705
58450
39274
39884
25265
22322
29444
65088
56064
58364
46710
61823
12255
57892
40839
27243
20240
18416
9501
33679
57831
58444
51903
47866
18609
39894
59913
7093
2931
55388
53977
58150
51324
27485
52354
61956
40845
40289
36783
59873
43381
373
9893
12562
37142
26193
23615
21024
35166
10575
36768
51030
58553
35689
10075
24909
37754
340
12599
7750
61602
57009
26501
41628
1221
1143
47393
7659
54950
15673
8479
30729
26080
51885
40448
14839
32431
63192
10575
1075
1056
42343
57093
9120
30847
20115
62290
14957
10370
10568
31873
8625
13616
50659
33046
27825
59513
60042
42750
65199
64001
7554
33622
16714
12757
11720
2448
62200
51029
63113
20629
37982
57399
4880
41862
61235
12270
50928
7590
27586
16342
52613
23721
12675
50641
25793
52657
52644
24189
52715
57001
7761
21337
50065
49874
64774
61717
25316
17777
60310
36969
40987
21453
22812
24857
13764
59261
52231
25792
48636
61038
57075
51914
14130
52842
60802
4572
3056
31124
5891
20998
772
30551
52383
53245
31518
15610
2708
14600
32524
6622
5451
33566
38469
28732
46858
37256
31950
939
34501
11789
60894
38329
22411
13818
29245
36352
5998
45799
15997
61752
51091
62933
61964
53673
58173
16807
53010
48515
13149
34106
26668
34105
17869
36500
58572
16221
17738
52563
50043
24709
57160
35754
21174
30591
413
45118
8650
63413
10689
59743
7019
128
35885
12400
18359
16249
45729
5210
54110
39134
9730
12497
43520
54040
588
48877
62103
62597
51944
45063
4689
42106
47651
18044
36086
46212
63840
30377
30121
62828
30580
28197
63561
52961
22948
44380
26342
22689
38935
63800
49094
17314
10878
46345
44040
73
5050
43371
58560
46993
38196
59566
57659
53059
15134
1497
54447
28746
19416
42368
49350
31014
21696
6435
44227
14474
8100
4953
39772
31943
48324
1629
23481
59122
36676
44208
51319
60389
25609
60811
62121
40081
42799
29324
23231
49702
18618
6620
64993
21490
61555
3637
12443
1169
51425
56556
3889
1172
38038
57240
36206
550
32169
52156
47907
29164
20324
7322
50218
54609
42092
19228
11017
47214
16866
45776
8239
46405
63670
31426
3541
52784
15277
37473
9634
48526
18644
38738
8750
30757
39552
26106
30391
37210
64673
56563
52282
43023
29103
33058
10135
42829
15518
52567
10752
53911
17864
64343
3803
6631
25997
32069
57701
36906
19121
33724
44233
36799
64287
14080
29478
50846
48361
30276
38856
11814
23143
20524
13908
44201
41173
8351
63678
36863
798
35586
16428
13226
60718
62050
34369
27073
27896
48115
25687
51053
59388
35101
39391
56077
1166
46615
10732
57030
18361
9823
28379
27972
6549
45554
2489
35643
31879
8929
22044
26103
15990
31614
35511
4383
24465
24398
44866
25408
55156
46475
55722
38094
26879
34923
49933
12086
24055
27077
18758
5360
30494
16783
12163
22311
10921
60940
49266
15594
9118
60841
29343
23105
28537
57580
31850
5616
40454
56403
17492
13011
26816
41044
46310
16474
1217
5535
56641
37972
45820
9951
41093
10792
16491
56492
64356
30668
8451
44376
4127
43749
30520
17957
29333
30569
25738
51007
22465
34886
18583
60729
23216
2360
22880
62073
33909
43579
9087
59066
31141
57447
51663
47999
60948
12381
13308
36702
23515
39811
4333
43175
3269
11727
38618
46951
43423
28038
5591
6234
6651
35871
48296
64279
44169
40639
47391
8035
27888
30888
10066
52415
42000
39393
62446
15769
45833
52103
63509
53848
31931
47284
38550
28816
7333
2602
5528
48611
47525
11078
51874
50474
22315
763
3161
46344
58426
9118
14997
2580
46448
33482
11725
45487
41589
59183
2028
44694
14267
20442
56520
653
42999
34478
34330
10835
15624
27072
26669
14309
4804
50168
1918
33726
34638
34950
20199
